0
21
1548008755920
0
3
8
21
55
144
377
987
2584
6765
17711
46368
121393
317811
832040
2178309
5702887
14930352
39088169
102334155
267914296
701408733
1836311903
4807526976
12586269025
32951280099
86267571272
225851433717
591286729879
1548008755920
4052739537881
10610209857723
27777890035288
72723460248141
190392490709135
498454011879264
1304969544928657
3416454622906707
8944394323791464
23416728348467685
61305790721611591
160500643816367088
420196140727489673
1100087778366101931
2880067194370816120
6765
1548008755920
0
2880067194370816120
8
8944394323791464
3416454622906707
1100087778366101931
